326901 63
655795 29
1209826 87
984833 34
151234 90
430723 62
574943 24
593130 17
430669 84
798878 39
677252 86
744963 14
433441 6
213129 74
639055 96
169750 31
912393 22
9979473 69
681114 35
9916649 82
440994 52
671507 10
511763 50
851204 8
101232 28
221630 18
9822747 43
242775 81
886564 32
9056330 76
618930 57
465617 85
771207 72
834338 98
390986 30
196655 97
8284111 94
273905 78
328374 19
376356 89
4636728 66
746243 92
672062 88
811191 23
902909 77
1759195 54
592995 71
827672 44
279376 70
803252 13
798653 49
5096122 27
306613 83
1614340 42
824025 91
702293 12
1825282 95
498927 7
390368 4
272498 5
566309 41
683707 53
508562 25
845113 37
599180 2
798644 1
726862 79
9773205 45
308239 15
314984 36
9861563 73
314648 93
256564 56
510852 55
557018 46
426878 21
799238 61
798626 3
1825300 9
304576 40
991533 65
798806 38
747595 20
308478 75
185187 58
591147 16
821416 33
264496 59
203070 48
287528 47
196517 68
476886 67
593125 26
726853 60
786574 80
938357 51
798662 11
596047 64
